[slide-html5.png]
filters=Soften=1,80.116959,29.239765;
moddate=00002da661cf0000
width=470
height=326
textactive=0
